N: Deeplay-keys
I: 0019 0001 0001 0100
P: 00 00 00 00 00 00 00 00
B: 00 0b 00 00 00 00 00 00 00
B: 01 02 00 00 00 00 00 00 00
B: 01 00 00 00 00 00 00 0c 00
B: 01 00 00 00 00 00 00 00 00
B: 01 00 00 00 00 00 00 00 00
B: 01 00 00 00 00 00 00 ff 0d
B: 01 00 00 00 00 04 00 00 00
B: 01 00 00 00 00 00 00 00 00
B: 01 00 00 00 00 00 00 00 00
B: 01 00 00 00 00 00 00 00 00
B: 01 00 00 00 00 00 00 00 00
B: 01 00 00 00 00 00 00 00 00
B: 01 00 00 00 00 00 00 00 00
B: 02 00 00 00 00 00 00 00 00
B: 03 38 00 03 00 00 00 00 00
B: 04 00 00 00 00 00 00 00 00
B: 05 00 00 00 00 00 00 00 00
B: 11 00 00 00 00 00 00 00 00
B: 12 00 00 00 00 00 00 00 00
B: 14 00 00 00 00 00 00 00 00
B: 15 00 00 00 00 00 00 00 00
B: 15 00 00 03 07 01 00 00 00
A: 03 -1 1 0 0 0
A: 04 -1 1 0 0 0
A: 05 -1 1 0 0 0
A: 10 -1 1 0 0 0
A: 11 -1 1 0 0 0
E: 0.000001 0001 0137 0001
E: 0.000001 0001 0136 0001
E: 0.000001 0000 0000 0000
E: 0.050000 0001 0137 0000
E: 0.050000 0001 0136 0000
E: 0.050000 0000 0000 0000
